'eq4': [1.1578158622484944, 0.16886830582634846, -0.031221570365330617, -0.002137848044744744, 0.033576397132493274, -5.604674315494549],
'eq5': [-5.94274987555969, 7.940910606147325, -0.016689654021512446, 0.08595438398457651, 195.65466609652037, -220.64078311406857],
'eq6': [1.1008894968757976, 0.8200667387003673, 0.3403436174928039, -0.08345919453443813, -21.29234505325808, -3.0165119377320977]
